00000000000000000000000000000000000000000001100000000000011000000000
00000000000000000011000011000000000000000010010000000000110100001000
00000000000000000100100100101000010110000100000000000110100001101000
00110000000100001000100100010100101001001000000000001001010010010100
01001000000010010011011010011101010000101110011000010010100101010010
00001100001001101100100100101010100000010101100100100001011010101110
00010010010000010110100110000001100110011000000101000000100100101000
00110001100000101001011001111110011001100100001011000000011011010100
01001011000001010001000110100101100000101010000101100000000100010010
01000110110010101010001001011010010000010101001010010000001000100011
00100001011101010000000000100100101001100010100101001010010000100001
00010011100110010000000011011000010010010011011010000101110010010010
00001010100110010000011001011000001100001001000011000010100100010000
00001010011001100000100110100100000000001110000001000011011000100000
00010110000100100101100011011011000110000110000000100110101000100100
00101000001000011010010000100100001001001001000000011001010100011000
01100000010000000101001001100010010100100010000001001010101000110001
11010000000100111010000110100001101000010001000010000101010100010010
10001000101010000000010100000001111001100000011000000000100010000010
01001100011100000000101000000010101110010000100100000000010010000001
00010000001010000001100000000100010110000000100000000000111100000000
00010000010100000010100000001000101001000000010000000000100100000000
00010000001000000101000000000000010000000000111000000000000010000000
00100000001000001110000100000000100000000000010100000001000000000000
01100110010000011010000101000010100100010001111010000000011000000000
01010000000000000101001010000101011000100010000101000000100100000000
00101000011000001010010111000011001001000110011001000000011010000000
00010100100000010101101010000010100110001001100110000000101001000000
01001001000001001110000100000101000110010000000000001001010000011001
11000111001010000101001000000010001001100000000000000110111000100110
10000101000100000010100110111011001000000010100110000011001001000000
01001010001000000001101001000110000100000001011001000001000010000000
00010100011000000001010110100010001011000001110000011000100110000000
00101000100100000000011001100100000110000010000000100100001001000000
01001100011010001000000000000010000010000000000001000010010000100110
10000100100110000101000000000001000001000000000001000001100000011001
00000101010101000110100010000101010000011000011000100000000001000001
00001010111010001001000001001010100000100100100100010000000010000010
00010010100010010000001001110101000001000110100100010000000111000010
00100001010011100000110110111010000010001101111000100000001001000001
01100000100101000001001010001110000100011000100001000000010000111001
10010000011010000010000101000001001000100100010010000000100000000110
00001000010100011001000010100000101001000000001100000000100000000100
00000100101000100110000001010000010110000000001000000000010000001000
00100101001001000110001000100001011010010000001000000100001000010000
00011010000110001001000100011111101101100000000100001000000100100000
00010000000010010000000110010010000100100001100110010000000011000000
00100000000001100000001001100001001000010010011001100000000000000000