000000000000000000000000000000000000000000001000000000000010000000000
000000000000000000010000010000000000000000001000000000000010000001000
000000000000000000011000111010000010000000101010000000001010100011000
000000000001000000011001111110000010000000101010010000001010100011000
000000000001000000111001011110100000000000101010010000100000001001000
010000000001000000101000011110100000000000101011010000100000001000000
010000100001001000000000010110000000000000100011010000100010000010100
010100100001001001000000000010000000000000100010000000100010010010100
011100101001000001001010000000000010000010000010000000100000011000100
001100101001000000001010000000000010000010000010000000100000011000100
001100100001000000101010001010001010000000100000001000000010010000100
001000100000000000100010001010001010000000100000001000000010010000100
001000001000100010101000101010101000000010100010001000000010110000100
001000001100110110101000101010101000000010100010001000000011110000100
001000101100011110001000100010001000100010000010001000000011110000000
001000111100011010001000100010001000100010000010001000000010110000000
001000111100011000000000100010001000100000101010001010100000011000001
001000111000011000000000100010001000100000101010001010100000011000011
101000111000011010100010101010001000101010101000101010100010011010011
101000111000011010100011101010001000111010101000101010100010001010001
101000111000111010100001101010101000111010101000001010101010001010001
101000011100111010100001101110101000101010101000001010101010001010001
101001011110111010001001101110101000100010101000001010101010001010001
101001011111111010011000101110101000100010101000001010101010001010001
100001111101111010011000001110000000100000100000101010101000001010001
100000111101111110001000001111000000100000100000101010101000001010001
100000110101111100000010001111100000100000100010000010101000001010001
100000110001111000000010001111100100100000100010000010101001001010001
101000010001101010001010001101000100000010101010100010000001000000000
101000000000101010001010001100000100000010101010100010000101000000000
101000001010001010100010001110101110001010000010100010001101000000100
101000001010001010100010001010101110001010000010100010001100000000100
101000101000001010100000000010101110001010000010101000000100000000100
101000101000001010110100000010101110011010000010101000000000000000100
101000100000101010110110001010101110011010100010101000100000000000000
101000100000101010100110001010101110001010100010101000100000000000000
101000100010100010100110101010000110000000100010101000101000001010001
101000100010100010100110101010000010000000100110101100101000001010001
100000000010000000101100100000000010000000100110001100101000001010001
100000000010000000101000100000000010000000100010001000101000011010001
101000000010000000101000001010000010000010101000001000101000010000000
101000000010000000101000001011000010000010101000001000101000010000000
101000000000000000001000000011000000000010101000001000101000010000000
101000000000000000011000000011000000000010101001001000101000010000000
101000100010001000011010000001001010000010101001001000001000010000000
101000100010011000001011000000001010000010101000001000001000010000000
101000000010011000000011000000001010000010100000001000001000010000000
101000000010001000000010000000001010000010100000001000001000000000000